3.911324424370281605e+00 -7.433865629685172394e-01
2.650481369370781604e+00 -2.111700018780893195e-01
3.785228133320758026e+00 3.369672796647961377e+00
-1.371826092300074684e-01 3.036083148364954187e-01
3.344543401499048940e+00 4.112370872578861025e+00
4.427966107969183440e+00 -2.416830888112311726e+00
2.203156693786513465e+00 2.317413740195063632e+00
1.098595265699968904e+00 9.419511720326274595e-01
2.923593306896518751e+00 1.377508027491074039e+00
2.144847094512359664e+00 5.671192657359220846e+00
3.144968158255852408e+00 5.107930764345478103e+00
2.222750084328699138e+00 1.062783451397852019e+00
5.021953286948675377e+00 6.886753954394436050e+00
1.893866958803848810e+00 1.102907543049595596e+00
2.132921396163090400e+00 -2.923033043944349707e-01
-6.423779189391400912e-01 4.004664862934181002e+00
4.108782188844616989e+00 -4.551627581454127380e-01
3.201937035759345740e+00 -3.093904331844594680e-01
4.636963077716049320e+00 1.934883207225752910e+00
2.608125181117654012e+00 1.667684479808424491e-01
2.606277235215462174e+00 2.465226193601657734e+00
5.269092335762830537e-01 1.554561239982270138e+00
4.012414975740422385e+00 -9.535823052957104196e-01
3.477888992147697866e+00 3.704809789610471693e+00
1.903336533567412836e+00 1.972560951286770337e-01
1.994917259412365196e+00 2.310062968674155837e-01
3.909158436258555636e+00 3.830428563690997379e-01
4.787963518537795338e+00 2.596845617435540099e+00
4.078654424534940759e+00 -3.390819094213020080e-01
2.070881801640235054e+00 1.120217549023988735e+00
5.372081647344151278e-01 -3.845355286048648402e-01
4.626448262913473108e+00 3.615666892769066720e+00
3.877147491907124710e+00 2.790281327357399199e+00
6.221648440212383946e-01 7.247945509118626894e+00
3.041935865984245702e+00 2.734949716835388234e+00
4.780186150609596396e+00 5.738908018532439925e+00
3.950320154375589254e+00 6.830461484090520230e+00
2.592619463145450887e+00 2.892859210228398759e+00
4.374822800491889652e+00 5.773636367156639082e+00
2.298289711174681393e+00 2.032741199873952631e+00
2.908816115579907269e+00 1.983099009891367448e+00
2.986757164063662096e+00 1.159800721454203876e+00
2.898437191044388683e+00 6.077587770730634720e-01
4.027871273574426425e+00 -2.771233846697271908e-01
3.554387100857890669e+00 -1.445261288605797834e+00
3.373826950113329115e+00 4.373495445732484832e+00
4.533958793899843798e+00 -1.363996156667486304e+00
3.932208235801424312e+00 -3.580236845769002585e-02
2.282125114511062147e+00 3.979564409776800371e+00
3.221948720930911225e+00 3.746399797055376624e+00
2.378468481915734678e+00 4.409876324716732299e+00
3.298212204494224586e+00 2.510704086197872886e+00
3.419478578986216544e+00 4.626215453183777804e+00
2.866799463105538681e+00 5.254546985418059535e+00
3.486997222676608832e+00 2.852558751938793158e+00
2.937460458599419955e+00 -2.413400305485454034e+00
5.069703244902473926e+00 7.586538223498084932e+00
2.285292518188482447e+00 4.007662948724915353e+00
4.737327112849842869e+00 1.025124144949509652e+00
3.538848867261252806e+00 5.021813185699899762e+00
1.388756677834353637e+00 4.682715507778606678e+00
3.075437810808721029e+00 -4.446958508009259958e-01
3.154697404531920490e+00 4.861229804178917036e+00
2.286495978832897347e+00 5.529159851433143480e+00
1.788286261059323312e+00 4.910534322602128299e+00
4.520240677666667040e+00 1.824196654663856609e+00
3.367970459377815473e+00 2.922539653286047923e+00
4.242192110821241258e+00 3.312932382381272856e+00
3.911435523862064834e+00 1.246494467434754672e+00
3.509710462242536355e+00 5.365942616326403680e+00
6.283988073453263823e-01 -8.323705149257842884e-01
2.670132388868776019e+00 -3.322079142162173149e-01
-3.212920856419043680e-01 1.857281881126426892e+00
4.204306580874986210e+00 1.985560708531228125e+00
6.201667373814608197e+00 3.617917233397377252e+00
2.308855486246196520e+00 5.123935696969500242e+00
2.712095112689005383e+00 6.452544249171616730e-01
3.979998148806191960e+00 2.173890234070192218e+00
1.844110485167710145e+00 -6.183514065728616949e-01
2.336782305387640424e+00 -1.081885472162867678e+00
2.628538558858560137e+00 5.941771344000585486e+00
2.073247075883890567e-01 -2.439218518380997125e+00
5.145192128365891904e+00 1.535680563518208919e+00
4.332256757448597284e+00 -5.754232788337270144e-01
3.892897651509849677e+00 3.355075681779839947e+00
1.537046963286934576e+00 3.598970046969371950e-01
3.514010695230781245e+00 3.145316779891421444e+00
4.029050167175236119e+00 5.014125178886466472e+00
3.958107613298142091e+00 4.370528233303121013e+00
5.249394299524599461e+00 3.714222248122572623e+00
3.841882802410976794e+00 3.965897790496887509e+00
2.532044438680483012e+00 5.489097665233321877e+00
2.940404665290234032e+00 3.361661290960921367e+00
3.938369245007915076e+00 5.580099236181608191e-01
3.990173120710513111e+00 4.279744242931178277e-01
2.109936957122500623e+00 4.862277219850488219e-01
3.908804215892876854e+00 2.523277335379815245e+00
2.892032749840722783e+00 2.807732107216107664e+00
1.575377950190212539e+00 2.908485185435251807e+00
3.981050735729328327e+00 4.688319803160347021e+00
3.403862612776340946e+00 -1.207406965357747719e+00
3.088744963946528532e+00 2.521446897956459487e+00
1.831502723385661779e+00 -1.970761044223146463e+00
4.755733117828038203e-01 3.571076185122888713e+00
4.016006980897387280e+00 3.404782960445662532e+00
1.990661689413462332e+00 4.294390837717592113e+00
2.031064926040649699e+00 4.227799970554229070e-01
3.855480186644964835e+00 3.356924174865986821e+00
4.064226436517584418e+00 3.662303094964090455e+00
4.055878293452937378e+00 2.732385184936521050e+00
1.103110215138843220e+00 1.999499179380904268e+00
9.440965100113443143e-01 -4.094603401398120290e-01
3.948958576016600830e+00 1.545607157959277833e+00
3.174364820575099166e+00 3.080231239878932659e+00
4.997093746146551219e+00 1.343396992555832892e+00
4.325233507680499301e+00 6.858130155258397309e+00
9.840604648161224155e-01 6.989185900101813065e-01
1.728618510803538344e+00 4.944035383361132574e+00
1.955004931207494856e+00 3.622413163946794690e+00
2.200666916670615869e+00 1.801158224651439266e+00
6.378178364443969350e-01 -8.275569392605985897e-01
3.506328848857546809e+00 4.745362957280031324e+00
3.201317655962388375e+00 2.804474371837305302e+00
2.065721143128897097e+00 2.846962343589089173e+00
3.578999781905122468e+00 1.078603796392705538e+00
3.036954180403867110e+00 2.448374820129739948e+00
3.135321747781951718e+00 1.141723433408095012e+00
4.603944494555094025e+00 1.128500918475201509e-01
3.126366943887799454e+00 -1.751985414962330179e+00
2.953029380432893980e+00 2.821789246328411327e+00
3.970593558713344962e+00 -2.836591763307678704e+00
5.603358499866342157e+00 4.283835457556838477e+00
4.459657983771657896e+00 -3.591455374888932184e-01
-1.122892412434040921e+00 -8.921563353255161921e-01
2.996676832440367200e+00 2.247009274567462356e+00
2.915050521690990770e+00 3.202158253543647692e+00
2.894080684968873829e+00 -4.022187745395000569e-01
3.239766990799475277e+00 4.305586318625595155e+00
3.092421039668256100e+00 4.562587273663343268e-01
1.140129624743668524e+00 4.187002171271097417e+00
2.939780593353963134e+00 2.799325789747943993e+00
5.242344339762947669e+00 3.108100069973799062e+00
-1.102100100643879088e-01 4.577896287693000943e+00
3.654277969301921392e+00 -6.661152877061882194e-02
4.339371672128478963e+00 1.845424355840374897e+00
1.565940408900354797e+00 9.224402999463396924e-01
4.023272696758681377e+00 4.419243467301281481e-01
3.835278493700804869e+00 1.566709608293662015e+00
7.344423563492896712e-01 1.018532523113005350e+00
4.302499394069743133e+00 2.165923147944230021e+00
4.294697018462428240e+00 2.729641682779928580e-01
2.536985235361809643e+00 3.170794607173383906e-01
4.192333911105180277e+00 3.609150787654604731e+00
8.552877484895482496e-01 -3.943725380492368870e+00
4.360888081194032040e+00 4.861920024603589852e+00
1.952728990299524181e+00 -3.645255572822581058e-03
3.898464872390369429e+00 6.041784898877707199e+00
4.960830367687996123e+00 -2.464106589683509263e+00
3.763082333665612289e+00 -2.271095711173058973e-01
2.670056602549433222e+00 3.096305680421086226e+00
2.454808699108190329e+00 -3.238080159333782682e-01
3.689715589945871788e+00 5.586103936047175367e-01
9.820249800845326504e-02 2.056742526194617060e-01
3.423394696707776408e+00 5.521769310681602150e+00
4.600604856590542191e-01 4.283708086328671172e+00
3.859131142203245268e+00 2.269143679312231043e-01
2.052746426374754130e+00 1.370043415092104810e+00
1.288106972010696127e+00 3.347540354366155491e+00
4.464907473713532582e+00 2.448398792484129949e+00
3.274358106382403211e+00 9.691080594288747907e-01
3.344649581274685257e+00 2.266162139470315307e+00
5.220066459633136091e+00 2.836690925907770389e+00
2.563919043953523325e+00 3.909659108679679917e+00
4.352746732748900449e+00 2.671450334992828690e-01
1.163998945305335653e+00 1.378496165204908142e+00
2.806739608073834713e+00 -3.317325726608456371e+00
3.968449727495986235e+00 9.123878058452576933e-01
4.064454790835379860e+00 -3.069987796036390826e-01
2.411057572268988647e+00 2.253807633473002170e+00
1.617372701793100553e+00 4.083876186100147798e+00
3.163465094869174710e+00 5.696756145953015604e+00
3.168216095940320276e+00 3.832059700198728880e+00
2.975792159318147334e+00 -4.644052793638739907e-01
3.152571150840546288e-01 7.733649000542275331e-02
2.117939445925842712e+00 1.647021584572605502e+00
2.886859512343395551e+00 6.498496591657553445e+00
5.749712079020874000e+00 4.570909225054759162e+00
2.375962516371746158e+00 1.684070517956220758e+00
4.355786685329066543e+00 -2.302203200890631685e+00
1.871188264955384151e+00 7.808695312432234470e-01
3.016343424887935054e+00 7.383216769859533013e-01
4.734597690092024358e+00 2.076807884077755517e+00
6.721736362521326669e-01 1.980742870277753864e+00
2.663865121696142868e+00 1.738818712300466585e+00
1.475429737992874690e+00 2.874617340151643941e-01
2.296405077665675698e+00 3.956652029784611724e+00
1.271447510684821536e+00 8.914354716989341121e-01
1.935654106988760059e+00 2.688264283051715609e+00
2.346791613260543752e+00 7.723033339678075926e-02
2.850798929980011387e+00 3.441584109466123031e+00
3.839634323100010072e+00 1.075725237699901804e+00
1.868702214022380792e+00 5.636737380718743751e-01
1.197405113350437311e+00 4.552781774244341051e+00
1.469337173580109956e+00 -4.614639238652239683e+00
5.100571555011924829e+00 9.526343512116091095e-01
4.596737664008173851e+00 2.795497458524760503e+00
2.261522659391796530e+00 9.002917254182907225e-01
4.310235221467983990e+00 3.644294285278192991e+00
3.330259808301001989e+00 2.934195092748897782e+00
4.653602913047556022e+00 3.185570458112052528e+00
2.141288164873198951e+00 4.251681811263971156e+00
2.816450777884310419e+00 2.263528453773065330e+00
3.390891053649707221e+00 2.958748126771893361e+00
3.828829039739658935e+00 6.470883704587516050e+00
3.489443069195000913e+00 2.296350618637011287e+00
4.816968376521803208e+00 4.879253295475768581e+00
3.049777528253619696e+00 2.512308220433708605e+00
1.665605210172400596e-01 1.206070432622105226e+00
3.332347221606204890e+00 1.331438330470540832e+00
4.445846564235371723e+00 6.017907332809679932e-01
3.488638070253681001e+00 1.324816205771201627e+00
3.213783654067289053e+00 6.437785735941772280e-01
1.876418015736708522e+00 3.427768499664283652e+00
3.134259794386863973e+00 4.162865329862633246e+00
1.513678669432860557e+00 -1.603947683426260706e+00
5.434835966592888923e+00 1.801393676790375320e+00
2.049718182179274706e+00 4.113292404961732984e+00
3.448964959864947666e+00 5.304193043979218203e+00
3.974889911234820161e+00 3.046534333534549610e-01
6.259043106675543200e+00 2.662748884500911295e+00
3.281128347157711289e+00 3.007487301222583564e+00
2.361473616070401516e+00 2.014635583922162798e+00
3.823531919402431534e+00 7.439467212221992920e-01
4.262372860702090982e+00 3.263516742246316049e+00
2.594667488849981218e+00 4.675766450792162132e+00
3.118765197810410950e+00 3.192690325678374297e+00
2.829365595286838619e+00 5.166523944897088327e+00
3.235524791770664432e+00 7.935746747404185619e+00
3.617865998785845250e+00 2.449677261734798606e+00
3.542807462342148384e+00 7.196423827493287906e-01
3.022116902813558159e+00 -9.461513460752981608e-01
3.503695883558234137e+00 1.977671905324342339e+00
1.248504635276851626e+00 -2.477411495650621021e-01
5.825718015668950756e+00 2.007826344015984255e+00
2.383973188615748029e+00 3.136274259121996089e-01
5.319439693777878730e-01 5.692388687657562230e+00
2.016034849472266188e+00 3.362345165139112524e+00
4.505572466378402474e-01 3.878844444343749309e+00
1.204436685014114827e+00 7.304709686578013006e+00
4.279545442930803745e+00 4.950628592064919786e+00
3.674902572151132141e+00 3.632917457874415668e+00
3.778150958388391878e+00 -1.349642170431751609e+00
2.396370740646334152e+00 5.232601729344503738e-01
1.875026304709224156e-01 -2.246179842296315954e+00
-4.461249540279457193e-01 1.561954698975400735e-01
2.685613306362736541e+00 1.883639683629801498e+00
2.511986631758547084e+00 3.471117524378064534e+00
2.451077371385953718e+00 1.626657961968677846e+00
3.148073859222803250e+00 3.251206189278814662e+00
2.760704517825111726e+00 6.996403292213065228e+00
5.226192065388321595e+00 3.480422914679339286e+00
4.945361385413404420e+00 4.549874208841250933e+00
3.042287756375864571e+00 7.952720503800691176e+00
3.658060723437631889e+00 -7.449545052291997038e-01
3.357613711000692724e+00 -1.412019420878339204e+00
5.979068773152348193e+00 1.444572251163178667e+00
2.932907479076915624e+00 5.334686782613415446e+00
2.421666172958936603e+00 1.845986321411731357e+00
1.116176830538091025e+00 7.290742284568985099e-01
2.253996270682874670e+00 -2.868060851442622017e-01
3.639083514091304483e+00 6.336455795842417693e+00
4.676636613961361988e+00 2.265875776708329958e+00
1.257540398392591463e+00 3.598613223007310236e+00
1.060024104646494658e+00 2.018825703347433276e+00
7.971749575065731896e-01 8.463226506544598848e-01
6.165273314461696685e+00 2.500318958577131490e+00
-5.831051643341944590e-01 3.346822472888859146e+00
5.209320963429114215e+00 -1.202816600833311433e+00
4.731489895224457065e+00 3.143628279575811479e+00
3.034684865067738269e+00 4.908166354651473995e+00
3.238382583908565149e+00 4.519640546140904824e+00
4.416380606332486636e+00 2.704852038996146568e+00
3.206249673140811662e+00 5.841644745845810505e+00
6.529075357437415406e+00 3.712570234264647162e+00
4.411830605157597063e+00 2.460935549241821896e+00
4.130891345000021531e+00 4.239346102167942831e+00
4.892272356881853135e+00 5.879508692948475002e+00
2.437027602542409355e+00 3.844833305806873547e+00
3.274135748874738017e+00 4.532439151166457236e+00
5.812070915468418697e+00 1.852804194550498718e+00
4.112722362702078804e+00 3.935530564478538107e+00
3.171509668112601599e+00 1.990121573260680732e+00
1.956293704697932290e+00 -1.188531074191320869e+00
5.056685092151489869e+00 2.108244280875426035e+00
1.102709815157976614e+00 2.129218412549579220e+00
3.826102708900517069e+00 2.279102913209654524e+00
3.561767651261740664e+00 9.179003604003010963e-01
4.369732990777858817e+00 1.168375257119916633e+00
1.623787947727913128e+00 1.071815623504135839e+00
2.376254434272384586e+00 5.253104555326511438e+00
5.370914952982442259e+00 3.435712202452721797e+00
3.985467279705258825e+00 3.611692274616566056e+00
3.808079340739496832e+00 -7.380313820563610960e-02
4.000920453155709211e+00 2.908490258657013161e+00
4.071719627360518956e+00 5.532313142253597604e-02
4.216037391342830176e+00 1.404499262931527159e+00
-9.867017651036178449e-01 5.707920479705959949e+00
3.220691154988516214e+00 -1.154191409772022947e+00
3.819229604579555293e+00 4.115827528561863957e+00
1.438771921008373589e+00 4.537089754686997267e+00
2.595024835736077229e+00 3.217327482997105470e+00
4.347494570019971860e+00 -4.435039205159805320e-01
3.096110998431257588e+00 3.179309385852301162e+00
5.181197034605165896e+00 3.611002764511093588e+00
1.857875165763152703e+00 3.315875078071495619e+00
4.780586094956438714e+00 4.570148107580806141e+00
1.328020018217094922e+00 -3.617514871285307798e-01
6.982839152353898626e+00 7.828710107968121612e+00
6.090954473095708366e+00 1.082528986568453977e+00
1.161123190509752989e+00 -3.772763402307292679e+00
1.106388948641877867e+00 2.268343827223121334e+00
2.440440494863643561e+00 3.280367493071405516e-01
2.647303228978082235e+00 1.428411530432713850e+00
2.168358443077154529e+00 2.580963445111819077e+00
3.199568639286094474e+00 3.620562061794161846e+00
3.360029883272282802e+00 4.138706060975533951e+00
4.111968451204725206e+00 3.451859481576771582e+00
1.711213920731117444e+00 5.501781189263417193e-01
3.482140814550717334e+00 6.044055376428982385e+00
2.973600102821750912e+00 4.967929414163711144e+00
1.565121650906039052e+00 -2.851887204194980541e-02
4.143512717932835265e+00 1.539642285406523037e+00
1.922168659624763576e+00 1.980558182904322173e+00
4.961775124608467813e+00 -6.647525231683713010e-01
2.018174227577530733e+00 1.596130893304785747e+00
1.986009807279104589e+00 2.495272424438585102e+00
5.588508414962166881e+00 1.486073455847326308e+00
1.701647133692956393e+00 6.328019962832097889e+00
1.925268508067233597e+00 -7.643417865060917471e-01
2.992587136235341116e+00 -8.402957031729862969e-01
3.701181589222068080e+00 3.726382604733586845e-01
3.159614290728933295e+00 3.439200322486692940e-01
1.739377156573147509e+00 2.908962071433426111e+00
1.532953375828619347e+00 6.859579751671596171e+00
4.139482189244706234e+00 8.020564167788315046e+00
2.028880447913136820e+00 3.149014652698595818e+00
1.494607055148250652e+00 -2.198253549574493704e-01
4.472633857310907679e+00 5.151789828268913851e+00
-2.077017081962000411e-01 -1.099100157731133010e+00
1.009461332580725790e+00 3.899488991452411568e+00
2.024747388440947926e+00 5.157184254654980649e-01
5.017392997445464076e+00 5.237640575719036740e+00
5.041789805955412263e+00 3.435911682489663832e+00
1.866669118119170356e+00 -4.718445087977460872e-01
5.161645843462058458e+00 3.141595462697818419e+00
2.562594441714632687e+00 2.003399974090537494e+00
5.660760652346906951e+00 2.096590710122723689e+00
2.319062268620275979e+00 6.766458850697729233e+00
3.256764905357075079e+00 4.532571565379161171e+00
3.289875417105001976e+00 4.425188759186282184e+00
4.915640763371680322e+00 4.908755909620479585e+00
5.862449911379655099e+00 9.250093223714963564e-01
3.910879143259497148e+00 1.972168957792600263e+00
4.085846363478717436e+00 1.944144902480933190e+00
3.578206279630181452e+00 -2.395549007959929533e-01
2.662661145938272078e+00 -1.407353848193308554e+00
4.297620991024699855e+00 5.315542052080445501e+00
1.258082452709987642e-01 1.846321887728414213e+00
2.730279229376732175e+00 2.432121039264603102e-01
2.747334515766432173e+00 1.345006811774867916e+00
-6.665391527266861793e-01 3.531125179326122243e+00
1.399353115442321993e+00 -8.846784303970460783e-01
1.705825291091345619e+00 5.871061052493347532e+00
2.654323045978383533e+00 2.679965305499969475e-01
2.852011297360681041e+00 1.696667030598073556e+00
3.710219896803476303e+00 -1.010147511855254976e+00
3.094658263400261955e+00 2.827302284413272915e+00
5.460805231517399605e+00 1.515740163270525187e+00
3.188611457494762380e+00 1.748923974420310667e+00
4.271751283381322040e+00 3.018364458975708153e+00
3.580753929010968228e+00 6.727318861775555270e-01
4.731030073844944894e+00 3.681620992756433175e+00
2.461747921600084155e+00 1.452416010938611723e+00
1.760698259534432930e+00 -9.241584859987486134e-01
3.098753918826246956e+00 3.404592795871401734e-01
1.009485712778881439e+00 2.420502529596605612e+00
3.440461598804502863e+00 2.430966765048183653e+00
2.866764462495272614e+00 5.241083127703545230e+00
3.560499045527913076e+00 1.363253608249414661e+00
6.732275966906422937e+00 2.140583501099571073e+00
3.154998713525265508e+00 1.444607160668898604e+00
3.900935448822990370e+00 5.680199883769213365e+00
1.874981078567490966e+00 -3.123327778102155783e+00
2.640943762271100503e+00 1.184777483250046837e+00
4.687889145730512297e+00 3.398072461641333142e+00
1.306394778883862351e+00 2.578916749751357873e+00
3.008971845336334550e+00 -4.512471170989655889e-01
3.303613903994933931e+00 4.656310179387403103e+00
1.680730453490843379e+00 3.799182897865145847e+00
3.308136076415489235e+00 2.000724524929677006e+00
4.013076271450509935e+00 2.057352739551491450e+00
3.206985465234900357e+00 1.499252567014074167e+00
3.573248186599292886e+00 1.452946734006188567e+00
5.552240684862997711e+00 3.070321639952177328e+00
3.118403946904753532e+00 1.223259302122094105e+00
3.062162391866669164e+00 3.579578558475116967e+00
2.123100936220843504e+00 1.426505555515041879e+00
3.659516304867585390e+00 2.167125181844417714e+00
3.448622357158164231e+00 2.580992038444906100e+00
3.296724099267881680e+00 2.198997688924432481e+00
1.593850822342419704e+00 4.018669716857648844e+00
2.824392454620708648e+00 2.284505445540968793e+00
3.774075203521649158e+00 -8.031043196854850130e-01
2.568237835311464323e+00 1.451905301961652128e+00
3.786975148112477818e+00 1.411641122568099149e+00
2.905329633466799955e+00 3.491540512639287996e+00
2.519106527890041303e+00 1.676959011340920735e+00
1.670252160736475533e+00 4.034135157496866242e+00
3.993624030127490343e+00 3.005354827229898884e+00
3.573135511130372421e+00 2.270523112575916436e+00
3.852625772151122341e+00 2.152018650608511940e+00
5.300584277698465741e+00 1.019149809674695817e+00
2.781107182137034339e+00 6.653897317170662795e+00
4.713865501904525246e+00 1.003641989774840093e+00
2.318667754333247011e+00 2.070810889123096743e+00
5.573794386388344790e+00 3.196572112851316483e+00
3.537479908800742034e+00 5.226247915102522512e+00
3.595019224424697679e+00 2.156588912263601276e+00
2.670789400893804455e+00 2.147932754581745041e+00
3.225434942616134393e-02 6.606590154103193058e+00
4.593194372752955168e+00 6.351688713413826015e+00
2.674002880312637664e+00 -1.434905023832692361e+00
4.395888265531140426e+00 1.773169623881957424e+00
4.242531337401124425e+00 6.425683682917198158e-01
4.489994481145048510e+00 5.984261031798517649e+00
3.391864592244739907e+00 9.654938990165558010e-01
1.320116251253322437e+00 -2.366323671304526144e+00
4.337399893673824280e+00 4.184882271593302505e+00
3.801016640142408587e+00 -4.234111829919933179e-01
1.499644470175938826e+00 -6.294824763500623810e-01
4.045604049332828467e+00 9.512998718300762491e-01
4.696731107769164915e+00 3.902845604336763863e+00
5.091811898096940681e+00 4.459842782891270119e+00
3.883168017137724526e+00 2.724451332877173559e-01
2.138777314077513925e+00 -4.682638520607182997e+00
2.967225484769541399e+00 2.245423185568625080e+00
2.546527997677139332e+00 6.299266728153826378e+00
4.001958597987127497e+00 5.440400577134310467e+00
6.448303411540488028e-01 2.492146429642689842e+00
1.984554962336226192e+00 2.063469218760887625e+00
2.066670336728922308e+00 4.770670179208154948e+00
5.214873258364901787e+00 9.179342663841734140e-01
4.722138865365740124e+00 4.459180188133883505e+00
1.896253067979527529e-01 1.776815547872182099e+00
3.287903188232192520e+00 -1.260339075661051300e+00
2.015616357052883778e+00 5.772258959886428897e+00
2.362315718339907278e+00 3.387564791991358959e+00
3.154324870794163793e+00 3.178032732328129661e+00
3.080277638498894799e+00 3.808994200534909780e+00
1.601884837636812442e+00 2.330975497315520784e+00
4.478435466775584572e+00 1.436280491396751069e+00
-6.780643862440083325e-02 3.471063682762602021e+00
1.197773527066867016e+00 4.034684023503106509e+00
2.403510505621927251e+00 4.030334952616931865e-02
2.315290630764016644e+00 4.547395145957033868e-01
3.524380318372648979e+00 2.093273546463072510e+00
1.354858986476164651e+00 3.180432984644331107e+00
2.619675064139690868e+00 3.127995270306621833e+00
4.604705442482758926e+00 3.963776818229272081e+00
4.871343983881232020e+00 8.799895146611627084e-01
4.198747655309785998e+00 -1.105788091402230666e+00
3.735082002546503244e+00 3.693602626701546932e+00
2.986377352042890010e+00 2.552631213950371070e+00
4.708076007304476285e+00 2.828549511239483838e+00
1.420864777015011349e+00 1.392950972910397489e+00
1.746114784922169427e+00 3.724708220762773081e+00
3.412009976509448261e+00 6.536251170433470037e+00
4.676173291652283126e+00 3.165228949062677266e+00
1.604969018814436543e+00 2.254365897083165482e+00
3.880510993065242609e+00 1.212365000450433827e+00
3.435548029688257454e+00 -4.510078732743489915e-01
3.456639302200814612e+00 1.610631982095305448e+00
3.864771912836119760e+00 4.818893153316083477e+00
4.467961471488622216e+00 5.070021795571182821e+00
1.553849775889749152e+00 2.126065772450786540e+00
3.508764744777006506e+00 -1.737318473049739964e+00
4.797938394580320676e+00 3.538504047161874944e+00
2.178112614276740633e+00 1.639516590144841413e+00
1.961405957923793020e+00 -1.250782601232716118e-01
2.297485601770991259e+00 1.509105417762559131e+00
4.047192568295045589e+00 4.227628265598249335e+00
4.569331483520040038e+00 -9.145217390154045667e-01
5.458189090871543137e+00 3.680307470094899447e+00
6.461466248244638777e+00 8.690054518758490332e+00
3.002508180913525671e+00 3.367052401936637018e+00
1.875401805197436600e+00 5.641912821844089265e+00
3.887142300646311721e+00 4.383734309644724547e+00
3.619428977165095596e+00 -1.415867964856523553e+00
3.815279893146539258e-01 4.176549157879616558e+00
5.247550268208854618e+00 2.544042074662344000e+00
4.198112002971816636e+00 2.505599535446723092e-01
2.976944742442051872e+00 2.843363908064897139e+00
3.613831008805527212e+00 2.344724022111039030e+00
2.746456163088548230e+00 2.178826466430901831e+00
2.386530843626776033e+00 2.345900355150760230e+00
1.290509409673765928e+00 4.468358111740784011e+00
3.261201253790484866e+00 -2.071508932057715135e-01
2.783507387712795822e+00 2.599685179862441409e+00
1.137208371615981983e+00 -5.361950779991930816e-02
1.502206457052532418e+00 8.835222126077750815e-01
9.716532999950588945e-01 4.165045786850255283e+00
4.502642076068819499e+00 1.172142730991421189e-01
4.926311386632155731e+00 4.142627172682757042e+00
3.273416801932810927e+00 2.352983504076939791e-01
2.108197602315519781e+00 4.039811411438186006e+00
3.717795645055486986e+00 2.798859358003615849e-01
5.869870643282260048e-02 4.485420392567109005e+00
2.194682823091919310e+00 6.329021833963186516e-01
5.029300049281765439e+00 2.138467177680206888e+00
3.325334973546143935e+00 -1.713504295371705677e+00
2.540430792138501648e+00 -1.370501810448284452e+00
1.594654308432978063e+00 -6.308341845604048537e-01
1.576100964262074910e+00 2.783854813755436197e+00
4.337554620995058841e+00 5.864658039398173095e+00
1.838406826407441130e+00 8.041020036794894743e-01
2.318826613238431644e+00 5.644416159337705352e+00
3.568145047596034569e+00 -7.321743656093082642e-01
2.912920720949557118e+00 6.116998046688938651e+00
5.719211101740750536e+00 1.217117740962557093e+00
3.645922872774881363e+00 3.602937596261665654e+00
2.009315609367249955e+00 1.960645927873285066e+00
3.552217792147779107e+00 2.843450005289192895e+00
2.246177928369637478e+00 1.577242010182169363e+00
-1.345156439563553796e+00 -3.580459454298784649e+00
3.375173831491811161e+00 1.343134115745883372e+00
3.318469351014560864e+00 -2.339671769486981745e+00
2.867748891747340600e+00 1.841943103222056122e+00
4.822726749838723848e-02 1.811527379943420835e+00
4.170998521421282135e+00 5.584135831711556364e-01
-2.857740678053604100e-01 6.462833045973249924e+00
1.781479819596668568e+00 9.754075108319968379e-01
3.729580049714376955e+00 -2.013269207107575731e+00
6.389018971030679950e-01 3.898974070276461923e-01
2.079707592312583841e+00 2.932354873824554176e+00
2.921654871125636266e+00 1.278224210402001404e-01
5.102027346218566350e+00 1.678309282739495423e+00
3.575156329949858769e+00 1.534845203940227387e+00
-4.979090861586725758e-01 -6.314001549419354653e-01
3.973204285725498330e+00 -5.197285641312823223e-01
2.771962254917717861e+00 2.243779841247437457e+00
5.026249774764386835e+00 -1.251667762973136533e-01
2.308632575545630061e+00 2.352155628930684639e+00
2.894345380971910853e+00 -9.789055890647535563e-02
3.964891094320982745e+00 2.884406179086607125e+00
3.097954062262160857e+00 8.818420473036032714e-01
1.797324593830058381e+00 1.852984022002625686e+00
3.506849102431665255e+00 -2.182493391824160689e-01
2.471024717558948147e+00 3.225425228211633577e+00
1.628836361961869539e+00 1.744204528353316741e+00
3.555014436411520151e+00 4.694378427749226645e+00
3.098386218888676158e+00 6.915527255842022214e+00
8.215054455565042879e-01 4.494248977321841920e+00
2.902263141767767340e+00 3.214253665517651903e+00
2.069156573355463546e+00 3.045203116222371609e+00
3.294696087037607413e+00 2.561390175122273405e+00
5.080796492190438940e+00 6.423068404917726681e-01
-9.966639657519378304e-01 8.195493312677712971e-01
7.829655315348698075e-01 -7.187725547260170877e-01
2.427054437254210661e+00 -1.236288138374730838e+00
2.590203915050404149e-02 -4.547804899049103788e-01
3.133232760497760339e+00 2.919885834782965706e+00
3.574495332574003204e+00 6.997082772340172951e-01
6.440392466007075711e+00 1.722307526133268762e+00
1.542144350560850086e+00 -1.676847489138766800e+00
9.361681581385719042e-01 -1.728948269904457824e-01
3.246880035268052023e+00 2.014679341633553555e+00
2.102963743489350890e+00 1.107865026535083786e+00
2.557829929961843440e+00 2.117339373878369457e+00
4.860402223588375037e+00 5.675920552852193879e-01
-7.398062234821667360e-02 3.611686334947108001e+00
2.605454653179966940e+00 2.029266002653502543e+00
2.024914781865460256e+00 -1.594848048274229324e+00
3.278969715762173109e+00 1.445999867507103964e-01
3.876223224800800171e+00 -1.648299733331242578e+00
3.793695535881516090e+00 1.270882157910766086e+00
4.538705226495684641e+00 7.397975766914517415e-01
4.241963656057909482e+00 -7.249921329802511138e-03
2.784294146559923355e+00 1.418837773732461116e+00
4.135566666970385441e+00 5.270182815446954550e+00
1.261937603352304649e+00 4.674482396432701137e+00
3.707175423455301377e+00 -3.903597128737956723e-01
2.962083240712055421e+00 5.962528512299527073e+00
4.263287448513800371e+00 2.337644408856246692e+00
3.859518831178035292e+00 1.684302953702242478e+00
1.133662067197211520e+00 6.810866289542523155e-01
3.913714929104823881e+00 1.136187992241132871e+00
3.946396247617504294e+00 1.150977476636798169e+00
3.643675833403232200e+00 2.222399767733528542e+00
2.209961275608968378e+00 6.261239591590679332e+00
4.347351107285931882e+00 3.441158715552240288e+00
2.664224545693748336e+00 2.181465805821670045e+00
3.180367349382051234e+00 3.963148306477298988e+00
2.847241346961858266e+00 -1.106565882907829312e+00
4.705112550832187601e+00 6.287471463298199836e-01
4.429355023212411702e+00 2.820444645648032989e+00
2.055005825061366753e+00 -7.971964896763510389e-01
5.989594537160416898e+00 2.540763661200179602e+00
-1.117921038683467039e-01 3.202333352337707328e-01
3.484734248205557439e+00 1.438282337288086410e+00
2.337419428642406150e+00 2.443796329100052400e+00
1.641512946325862421e+00 2.950371051019864854e+00
9.371312100341597784e-01 3.276879241675332288e+00
3.358195050198887088e+00 3.081202840880884697e+00
2.990796375872039725e+00 4.083416396625972666e+00
2.298074306040862602e+00 2.136364946791217356e+00
3.108675500805131886e+00 3.627950271658202386e-01
2.293614328198047225e+00 5.053388740701124426e+00
3.910576562428678127e+00 9.396445377994755432e-02
1.535175255870224742e+00 1.437774306691291137e+00
2.846821105955456233e+00 1.379200294716253161e+00
1.060134051583685455e+00 5.514546537045653452e+00
1.572318351686500693e+00 1.767222801110508446e+00
3.722987248290235751e+00 4.498870649625045459e+00
2.950443299640528316e+00 2.039026751628635115e+00
1.349357582831530511e+00 3.681192667780407657e+00
8.132817761747257457e-01 2.404626790278447945e+00
3.767845735863110335e+00 1.867321439347600753e+00
2.259116000827648296e+00 6.769145459226139749e+00
1.734283794839061699e+00 1.332205233543055201e+00
2.687013103082660948e+00 -1.357042918304023349e+00
6.084112307855262358e+00 2.170090627898159319e+00
2.803025387900147436e+00 3.522993724826076090e+00
2.916321217650212905e+00 1.974317038904287003e+00
4.799682270866073353e+00 2.551502304788747288e+00
1.165972388024768547e+00 -3.405386542563602070e-01
3.076180176450398651e+00 6.618991373130212352e+00
1.930677174400631912e+00 -6.311171259578007842e-01
3.555501790614019164e+00 3.860114585111529273e+00
1.964160143902663025e+00 5.058783021632467403e+00
3.461927681919949151e+00 1.104661521753913522e-01
4.058828563119298849e+00 5.812824267106034171e+00
3.493557070815737298e+00 3.061754092420348350e+00
1.977846075576592311e+00 2.198631030004421394e+00
3.586614856710517607e+00 5.382629648162733815e+00
3.269842085257962161e+00 2.484297614519743735e+00
8.391194313013388140e-01 4.291696875330770489e+00
4.420414871753068020e+00 1.231244850565591964e+00
3.950699910888907596e+00 4.787910428470665281e-01
4.677396440838712088e+00 2.970986894067390249e+00
3.000023665618460456e+00 5.039724018636054126e+00
2.860319023909129399e+00 1.501618458724843119e+00
3.326317053324700623e+00 2.873899684615652372e+00
2.953543547572702099e+00 3.403626084866433921e+00
6.954517924868858003e+00 2.248966291156064390e+00
2.579686821598876190e+00 2.012467923661585889e+00
2.927388510246956344e+00 -2.528187023317651771e+00
2.429413995262787118e+00 4.887884873985013368e-01
2.006625317879501047e+00 1.510785177577911531e+00
1.756683559219337498e+00 -1.553578070379408871e-01
5.777149563696964307e+00 3.363019818172381825e+00
3.515576351932276022e+00 -1.009079574982320260e+00
4.814392573701055333e+00 -1.062649649678155672e+00
-3.177215744202896985e-01 1.160884531786189111e+00
2.638031608487178659e+00 2.803262081687474261e+00
4.193560028221821945e+00 6.302589126987784063e+00
1.721669682465196916e+00 2.919049916511694320e+00
3.069383730509826158e+00 3.018233005492520604e+00
4.094006811620623409e+00 2.053502997883299930e+00
2.323796231496793929e+00 -4.806197368572613371e-01
1.660122859329626221e+00 2.275293163040658762e+00
2.537501996562706807e+00 5.217863516162011273e-01
4.961352238519147306e+00 4.837179494561285154e+00
5.902331365037651878e+00 1.996233685098148580e+00
2.960373222387462810e+00 1.408582167780814132e+00
4.310403273417266590e+00 3.560751420086069707e+00
4.471122345036953938e+00 2.723804070637808827e+00
1.384917386665671879e+00 3.441486701887138899e+00
3.766649319967717346e+00 2.027652166034339398e-01
2.127830426557884458e+00 8.702394696742628000e-01
3.360804681133771066e+00 3.595915418561004273e+00
2.865006546260579601e+00 -7.340343919424041630e-02
4.783972272886520827e-01 -2.898993799153733342e+00
3.732240555311650443e+00 3.138601811638992434e+00
2.466443863889283605e+00 1.971680541451019675e-01
3.282734717140664671e+00 4.845349109523493958e+00
1.118981699550272824e+00 1.103904234366119841e-01
3.502482546334919178e+00 -1.414308903366894743e+00
6.211968519786283949e+00 3.059257540223760952e-01
1.410541196926021312e+00 1.098347438363031614e+00
2.305077945916777615e+00 1.571140532837907777e+00
3.032789341195216704e+00 9.928843028650979896e-02
2.790590202481132653e+00 3.509627878249693911e+00
8.502977357741854370e-01 5.153606872091938129e-01
2.943174425896365243e+00 6.099258468565712299e+00
2.881886539282047188e+00 4.408198695305927117e-01
1.490591816091437316e+00 4.919854498745821481e+00
3.388102417808227962e+00 6.364857705994453774e+00
4.056951927401097890e+00 2.165492834488992990e+00
5.155520404373040932e+00 1.292725052719093659e+00
3.336462285501261338e+00 2.166619847893506368e+00
2.953423037931009798e+00 3.150900213352226586e+00
4.884614944187211094e+00 1.520633613719406529e+00
2.804730651015591381e+00 3.349507839981902269e-01
3.692360529693568427e+00 2.280516433609303117e+00
3.276124430817812350e+00 4.465867325765511708e+00
5.041445024924069429e+00 2.208158733244191652e+00
2.597417702846849252e+00 4.171244315192824459e+00
4.286911642019661350e+00 5.640065862288649257e+00
2.245136532016211106e+00 3.851340208278458910e+00
5.505542478886827240e+00 2.362234876921197824e+00
1.028541376325824430e+00 1.768052763612569578e+00
2.680927171055039526e+00 5.989913488691893662e+00
4.871987259191807418e+00 3.143273290986329460e+00
1.627201003299894033e-01 3.600827047629727051e+00
6.014765552774874457e-01 2.198992317084800252e+00
3.474709284402044407e+00 4.871217765882414064e-01
1.280440289226327799e-01 1.596296724486423013e+00
3.477214445110740293e+00 4.754086637728175191e+00
1.777833638390317494e+00 3.736046352543891391e-01
4.367546522530027175e+00 2.882236933907198484e+00
4.016785099457335306e+00 8.685043317899712179e-01
4.237605667712953661e+00 2.068268490197922027e+00
4.617318884623392350e+00 2.009414709793864162e+00
4.121309308263230164e+00 2.227505964270747540e+00
2.388763739757281179e+00 7.493888107377284058e+00
2.852597255688394728e+00 3.059413794823446775e+00
2.709893759174983430e+00 2.185567593349654114e+00
4.090546241396339155e+00 1.276769030937930927e+00
4.461879241169293131e-01 1.863553526385597348e+00
2.413994642144388525e+00 6.334144394994734029e-01
1.182461891314752211e+00 1.188892296826766337e+00
5.777755219105698004e-01 6.238150926397050267e-01
3.176581801224759083e+00 2.737996095427669196e+00
7.640621109375134168e-01 1.393418592526095789e+00
3.553524735678502466e+00 4.007920253046746595e+00
3.266859866948785385e+00 4.993797255856897266e+00
4.041781150932548528e+00 2.290839909027039933e+00
2.487168760290950242e+00 4.915499869475037364e-01
1.426377308328126814e+00 2.084830412928550203e+00
5.030040057159910205e+00 -1.097032968370052597e+00
5.890366145997974812e+00 -2.542474907029583342e+00
1.376078410572715294e+00 1.334144808591654296e+00
-1.544860026523870999e-01 7.008657169354024496e-01
7.291197025008555599e-02 3.118601671683172594e+00
6.848353978161419775e+00 4.398824509209000588e-01
3.179319638800204739e+00 1.118437442807536319e+00
9.125045102583237977e-01 3.603887080287479172e+00
3.624359567040600805e+00 -2.606807992771302374e+00
4.478757942509595580e+00 -3.120817716783577112e-01
4.529545128533033704e+00 4.686624640239090311e+00
