1.681361961650569059e+00 -3.968804024957396370e-01
-3.492133980792536119e-01 -2.031504114651782322e-01
-7.335635087274865462e-01 1.755692903801426175e+00
3.555627886567796492e-01 3.521437182688033629e-01
-1.304318454557692020e+00 4.601103816973362570e-01
6.028957208661719358e-01 -1.479280335379171696e+00
-7.597689762836530303e-01 1.231883712212020754e+00
-1.584185101308960730e+00 4.097578302408415585e-01
8.307367932832144808e-01 -8.962065688703758637e-01
-5.590881022257149224e-01 -9.014262891887167006e-01
-3.852898867071903322e-01 5.694692980369880919e-02
1.322376495512067818e+00 1.470783695120511103e+00
1.097053042924319932e+00 -5.400789863824405623e-01
1.706261782252781467e-01 -2.463148428965885040e-01
2.625582013810513260e+00 1.830199129806302283e+00
3.751666584916263925e-01 -9.956363098069147544e-01
-5.086127206843814585e-01 -1.304985767869194291e+00
-1.793073760285227025e-01 6.851622249173423551e-01
-2.064021698920718073e+00 7.990239484537274839e-01
9.450259520539526781e-01 4.793656993559978208e-01
1.490025728412349704e-01 -7.854388093743529531e-01
-8.429627918280747645e-01 -1.818262053002672463e-01
-1.203008832303052861e-01 -9.463423518053262207e-01
1.289988164118691660e+00 8.280469696729475526e-02
-1.345130426114545585e+00 9.765737125855188383e-01
5.824166621107780273e-01 4.876939771203741003e-01
-5.336505808929862399e-03 -1.044950984898974422e+00
-8.937677042717132592e-01 5.839577944113631958e-01
9.537306465873517380e-01 -4.334462372816010878e-01
-2.485933025347455860e+00 -1.116700904105659919e+00
-2.001439821907656513e-01 6.673668178361538139e-01
-1.479015609413140975e-01 -9.290246017645482635e-01
-9.433808075362601908e-01 1.631949177209013890e-01
-1.924977573527393571e-01 2.804929948031926745e-01
6.534374592761226230e-01 -5.276139059593999425e-01
-1.152988462445123430e+00 -1.159728478279086650e+00
3.554512317549338718e-01 -1.927944057918713761e-01
-4.794131639750019991e-01 1.884595398188254611e-02
-1.541983173968343834e+00 -7.246259613959604717e-01
1.587308568579584467e+00 5.067851569101581299e-01
1.529408769816956282e+00 9.804589599837889580e-01
-8.875488008896982306e-01 1.349570310654703453e+00
4.971955465168900745e-01 -7.303521558015854676e-02
1.776244774543775717e+00 5.140925139201699690e-01
7.251789750981503246e-01 -1.723053531000722505e-01
1.657815543743375655e-02 4.928288013224927377e-01
8.288868498627790515e-01 2.909815146346368842e+00
4.323114651909354955e-01 7.266906234265030351e-01
1.216230866327629334e+00 2.318340167292291198e+00
3.899300938068452349e-01 -5.276389634237897974e-01
-3.574133808099550502e-01 -1.216979553712020712e+00
-5.751161418816392867e-01 3.349071277504477862e-01
-6.707035636862133110e-01 -1.211675046069516481e+00
-5.980129557509790139e-01 -2.091785914143540759e-01
1.769763903585748421e+00 -1.402681244676410310e+00
-8.003990652331458566e-01 -9.088418932290983632e-01
-2.645993861679234518e-02 -2.326052964950593160e-01
-2.619551504884735316e+00 -7.551084517477694158e-01
8.624040240017337711e-01 -1.312078711531727004e-01
-1.840077057366187319e+00 1.778913446166933809e+00
-1.714827840857229557e-01 -1.317823686500362523e+00
-4.497765837178777648e-01 1.474483629425940925e-02
1.786600830909425008e+00 1.482658504192118087e+00
-1.158619631145587858e+00 -1.004241598903581112e+00
-6.434667187181108972e-01 -1.024310825347274578e+00
-2.669994307458823934e-01 -7.327151463868961656e-01
-5.706595291178231388e-01 7.066291487794963411e-01
-1.244944552622019529e+00 -2.455757198669189734e+00
8.150903597913055076e-01 1.317076310709421327e-01
-4.889413486855446189e-01 1.282949047349788207e+00
2.884550392278865671e-01 -9.869291999835226870e-01
-4.593715725298903353e-03 1.594764265964777827e+00
1.642895094670900669e+00 4.546593949053121531e-01
1.439596948862511105e+00 -1.133334415312994725e+00
2.167758268868515081e+00 1.045414178852668297e+00
-1.374864135652560604e+00 1.296885665603731308e+00
9.211733826745981402e-01 1.125343260677380330e+00
-4.823865539831519444e-01 -9.191648815246244997e-01
-7.925520816948254943e-01 3.834723029097786839e-01
9.106958859569612430e-02 2.317500826234581215e-02
3.296047481533768697e-01 -1.027474871734540968e-01
-4.949138464167491258e-01 -9.336140391443958908e-01
-4.193471628187163680e-01 1.342486063436157728e+00
4.852463691530052407e-03 -1.202214499370213741e+00
-1.480512280586940399e+00 -1.076188812253512372e+00
1.289130079788926242e+00 6.281849239966814658e-01
2.806618616287903656e-01 -1.194954362012847771e+00
4.875998256392918284e-01 -1.092093177684960281e+00
3.652504184073623317e-01 -5.845757948781091784e-01
-8.816463559467069278e-02 1.237812396782117741e+00
-7.005535704520209350e-01 3.091044666000409835e-01
2.754675130115881720e-01 2.258302967966795138e-01
1.570478147330737484e-01 -2.468072183948820886e+00
2.872410169453148421e-01 -1.166281092434396038e+00
2.159699751689609648e-01 -5.422877090860952487e-01
3.839200625475431838e-01 -9.426956307248455236e-01
-8.859340933908522731e-01 1.572574310903987471e-01
2.201465300320406548e+00 -1.002979754476363894e+00
-6.050969938575929685e-01 3.546492451788325062e-01
6.595481990928484528e-01 1.774807083683688891e+00
